0 0.127348 0 0.11965 0.127348 0 0.11965 0 0 0 0 0 0 0 0 0 0 0 0 0 0 0 1.00007 0 0 0 0 0
0.0147656 0.127348 0 0.11978 0.127348 0 0.11978 0 0 0 0 0 0 0 0 0 0 0 0 0 0 0 1.00007 0 0 0 0 0
0.0246094 0.127348 0 0.120005 0.127348 0 0.120005 0 0 0 0 0 0 0 0 0 0 0 0 0 0 0 1.00007 0 0 0 0 0
0.0344531 0.127348 0 0.12034 0.127348 0 0.12034 0 0 0 0 0 0 0 0 0 0 0 0 0 0 0 1.00007 0 0 0 0 0
0.0442969 0.127348 0 0.120778 0.127348 0 0.120778 0 0 0 0 0 0 0 0 0 0 0 0 0 0 0 1.00007 0 0 0 0 0
0.0590625 0.127348 0 0.121612 0.127348 0 0.121612 0 0 0 0 0 0 0 0 0 0 0 0 0 0 0 1.00007 0 0 0 0 0
0.0689063 0.127348 0 0.12228 0.127348 0 0.12228 0 0 0 0 0 0 0 0 0 0 0 0 0 0 0 1.00007 0 0 0 0 0
0.07875 0.127348 0 0.123024 0.127348 0 0.123024 0 0 0 0 0 0 0 0 0 0 0 0 0 0 0 1.00007 0 0 0 0 0
0.0885937 0.127348 0 0.123836 0.127348 0 0.123836 0 0 0 0 0 0 0 0 0 0 0 0 0 0 0 1.00007 0 0 0 0 0
0.0984375 0.127348 0 0.124707 0.127348 0 0.124707 0 0 0 0 0 0 0 0 0 0 0 0 0 0 0 1.00007 0 0 0 0 0
0.108281 0.127348 0 0.125628 0.127348 0 0.125628 0 0 0 0 0 0 0 0 0 0 0 0 0 0 0 1.00007 0 0 0 0 0
0.118125 0.127348 0 0.126591 0.127348 0 0.126591 0 0 0 0 0 0 0 0 0 0 0 0 0 0 0 1.00007 0 0 0 0 0
0.127969 0.127348 0 0.127588 0.127348 0 0.127588 0 0 0 0 0 0 0 0 0 0 0 0 0 0 0 1.00007 0 0 0 0 0
0.137813 0.127348 0 0.128615 0.127348 0 0.128615 0 0 0 0 0 0 0 0 0 0 0 0 0 0 0 1.00007 0 0 0 0 0
0.147656 0.127348 0 0.129665 0.127348 0 0.129665 0 0 0 0 0 0 0 0 0 0 0 0 0 0 0 1.00007 0 0 0 0 0
0.1575 0.127348 0 0.130736 0.127348 0 0.130736 0 0 0 0 0 0 0 0 0 0 0 0 0 0 0 1.00007 0 0 0 0 0
0.167344 0.127348 0 0.131825 0.127348 0 0.131825 0 0 0 0 0 0 0 0 0 0 0 0 0 0 0 1.00007 0 0 0 0 0
0.177187 0.127348 0 0.132929 0.127348 0 0.132929 0 0 0 0 0 0 0 0 0 0 0 0 0 0 0 1.00007 0 0 0 0 0
0.187031 0.127348 0 0.134048 0.127348 0 0.134048 0 0 0 0 0 0 0 0 0 0 0 0 0 0 0 1.00007 0 0 0 0 0
0.196875 0.127348 0 0.135181 0.127348 0 0.135181 0 0 0 0 0 0 0 0 0 0 0 0 0 0 0 1.00007 0 0 0 0 0
0.206719 0.127348 0 0.136327 0.127348 0 0.136327 0 0 0 0 0 0 0 0 0 0 0 0 0 0 0 1.00007 0 0 0 0 0
0.216562 0.127348 0 0.137487 0.127348 0 0.137487 0 0 0 0 0 0 0 0 0 0 0 0 0 0 0 1.00007 0 0 0 0 0
0.226406 0.127348 0 0.138661 0.127348 0 0.138661 0 0 0 0 0 0 0 0 0 0 0 0 0 0 0 1.00007 0 0 0 0 0
0.23625 0.127348 0 0.139849 0.127348 0 0.139849 0 0 0 0 0 0 0 0 0 0 0 0 0 0 0 1.00007 0 0 0 0 0
0.246094 0.127348 0 0.141053 0.127348 0 0.141053 0 0 0 0 0 0 0 0 0 0 0 0 0 0 0 1.00007 0 0 0 0 0
0.255937 0.127348 0 0.142271 0.127348 0 0.142271 0 0 0 0 0 0 0 0 0 0 0 0 0 0 0 1.00007 0 0 0 0 0
0.265781 0.127348 0 0.143505 0.127348 0 0.143505 0 0 0 0 0 0 0 0 0 0 0 0 0 0 0 1.00007 0 0 0 0 0
0.275625 0.127348 0 0.144754 0.127348 0 0.144754 0 0 0 0 0 0 0 0 0 0 0 0 0 0 0 1.00007 0 0 0 0 0
0.285469 0.127348 0 0.146019 0.127348 0 0.146019 0 0 0 0 0 0 0 0 0 0 0 0 0 0 0 1.00007 0 0 0 0 0
0.295312 0.127348 0 0.1473 0.127348 0 0.1473 0 0 0 0 0 0 0 0 0 0 0 0 0 0 0 1.00007 0 0 0 0 0
0.305156 0.127348 0 0.148596 0.127348 0 0.148596 0 0 0 0 0 0 0 0 0 0 0 0 0 0 0 1.00007 0 0 0 0 0
0.315 0.127348 0 0.149906 0.127348 0 0.149906 0 0 0 0 0 0 0 0 0 0 0 0 0 0 0 1.00007 0 0 0 0 0
0.324844 0.127348 0 0.151232 0.127348 0 0.151232 0 0 0 0 0 0 0 0 0 0 0 0 0 0 0 1.00007 0 0 0 0 0
0.334688 0.127348 0 0.152572 0.127348 0 0.152572 0 0 0 0 0 0 0 0 0 0 0 0 0 0 0 1.00007 0 0 0 0 0
0.344531 0.127348 0 0.153927 0.127348 0 0.153927 0 0 0 0 0 0 0 0 0 0 0 0 0 0 0 1.00007 0 0 0 0 0
0.354375 0.127348 0 0.155296 0.127348 0 0.155296 0 0 0 0 0 0 0 0 0 0 0 0 0 0 0 1.00007 0 0 0 0 0
0.364219 0.127348 0 0.15668 0.127348 0 0.15668 0 0 0 0 0 0 0 0 0 0 0 0 0 0 0 1.00007 0 0 0 0 0
0.374063 0.127348 0 0.158078 0.127348 0 0.158078 0 0 0 0 0 0 0 0 0 0 0 0 0 0 0 1.00007 0 0 0 0 0
0.383906 0.127348 0 0.159492 0.127348 0 0.159492 0 0 0 0 0 0 0 0 0 0 0 0 0 0 0 1.00007 0 0 0 0 0
0.39375 0.127348 0 0.16092 0.127348 0 0.16092 0 0 0 0 0 0 0 0 0 0 0 0 0 0 0 1.00007 0 0 0 0 0
0.403594 0.127348 0 0.162365 0.127348 0 0.162365 0 0 0 0 0 0 0 0 0 0 0 0 0 0 0 1.00007 0 0 0 0 0
0.413438 0.127348 0 0.163825 0.127348 0 0.163825 0 0 0 0 0 0 0 0 0 0 0 0 0 0 0 1.00007 0 0 0 0 0
0.423281 0.127348 0 0.165303 0.127348 0 0.165303 0 0 0 0 0 0 0 0 0 0 0 0 0 0 0 1.00007 0 0 0 0 0
0.433125 0.127348 0 0.166798 0.127348 0 0.166798 0 0 0 0 0 0 0 0 0 0 0 0 0 0 0 1.00007 0 0 0 0 0
0.442969 0.127348 0 0.168312 0.127348 0 0.168312 0 0 0 0 0 0 0 0 0 0 0 0 0 0 0 1.00007 0 0 0 0 0
0.452813 0.127348 0 0.169845 0.127348 0 0.169845 0 0 0 0 0 0 0 0 0 0 0 0 0 0 0 1.00007 0 0 0 0 0
0.462656 0.127348 0 0.171397 0.127348 0 0.171397 0 0 0 0 0 0 0 0 0 0 0 0 0 0 0 1.00007 0 0 0 0 0
0.4725 0.127348 0 0.17297 0.127348 0 0.17297 0 0 0 0 0 0 0 0 0 0 0 0 0 0 0 1.00007 0 0 0 0 0
0.482344 0.127348 0 0.174564 0.127348 0 0.174564 0 0 0 0 0 0 0 0 0 0 0 0 0 0 0 1.00007 0 0 0 0 0
0.492188 0.127348 0 0.17618 0.127348 0 0.17618 0 0 0 0 0 0 0 0 0 0 0 0 0 0 0 1.00007 0 0 0 0 0
0.502031 0.127348 0 0.17782 0.127348 0 0.17782 0 0 0 0 0 0 0 0 0 0 0 0 0 0 0 1.00007 0 0 0 0 0
0.511875 0.127348 0 0.179483 0.127348 0 0.179483 0 0 0 0 0 0 0 0 0 0 0 0 0 0 0 1.00007 0 0 0 0 0
0.521719 0.127348 0 0.181171 0.127348 0 0.181171 0 0 0 0 0 0 0 0 0 0 0 0 0 0 0 1.00007 0 0 0 0 0
0.531563 0.127348 0 0.182886 0.127348 0 0.182886 0 0 0 0 0 0 0 0 0 0 0 0 0 0 0 1.00007 0 0 0 0 0
0.541406 0.127348 0 0.184628 0.127348 0 0.184628 0 0 0 0 0 0 0 0 0 0 0 0 0 0 0 1.00007 0 0 0 0 0
0.55125 0.127348 0 0.186397 0.127348 0 0.186397 0 0 0 0 0 0 0 0 0 0 0 0 0 0 0 1.00007 0 0 0 0 0
0.561094 0.127348 0 0.188195 0.127348 0 0.188195 0 0 0 0 0 0 0 0 0 0 0 0 0 0 0 1.00007 0 0 0 0 0
0.570937 0.127348 0 0.190024 0.127348 0 0.190024 0 0 0 0 0 0 0 0 0 0 0 0 0 0 0 1.00007 0 0 0 0 0
0.580781 0.127348 0 0.191884 0.127348 0 0.191884 0 0 0 0 0 0 0 0 0 0 0 0 0 0 0 1.00007 0 0 0 0 0
0.590625 0.127348 0 0.193776 0.127348 0 0.193776 0 0 0 0 0 0 0 0 0 0 0 0 0 0 0 1.00007 0 0 0 0 0
0.600469 0.127348 0 0.195702 0.127348 0 0.195702 0 0 0 0 0 0 0 0 0 0 0 0 0 0 0 1.00007 0 0 0 0 0
0.610313 0.127348 0 0.197663 0.127348 0 0.197663 0 0 0 0 0 0 0 0 0 0 0 0 0 0 0 1.00007 0 0 0 0 0
0.620156 0.127348 0 0.199659 0.127348 0 0.199659 0 0 0 0 0 0 0 0 0 0 0 0 0 0 0 1.00007 0 0 0 0 0
0.639844 0.127348 0 0.203766 0.127348 0 0.203766 0 0 0 0 0 0 0 0 0 0 0 0 0 0 0 1.00007 0 0 0 0 0
0.649687 0.127348 0 0.20588 0.127348 0 0.20588 0 0 0 0 0 0 0 0 0 0 0 0 0 0 0 1.00007 0 0 0 0 0
0.659531 0.127348 0 0.208035 0.127348 0 0.208035 0 0 0 0 0 0 0 0 0 0 0 0 0 0 0 1.00007 0 0 0 0 0
0.669375 0.127348 0 0.210234 0.127348 0 0.210234 0 0 0 0 0 0 0 0 0 0 0 0 0 0 0 1.00007 0 0 0 0 0
0.679219 0.127348 0 0.212478 0.127348 0 0.212478 0 0 0 0 0 0 0 0 0 0 0 0 0 0 0 1.00007 0 0 0 0 0
0.689063 0.127348 0 0.21477 0.127348 0 0.21477 0 0 0 0 0 0 0 0 0 0 0 0 0 0 0 1.00007 0 0 0 0 0
0.698906 0.127348 0 0.217112 0.127348 0 0.217112 0 0 0 0 0 0 0 0 0 0 0 0 0 0 0 1.00007 0 0 0 0 0
0.70875 0.127348 0 0.219504 0.127348 0 0.219504 0 0 0 0 0 0 0 0 0 0 0 0 0 0 0 1.00007 0 0 0 0 0
0.718594 0.127348 0 0.221951 0.127348 0 0.221951 0 0 0 0 0 0 0 0 0 0 0 0 0 0 0 1.00007 0 0 0 0 0
0.728437 0.127348 0 0.224454 0.127348 0 0.224454 0 0 0 0 0 0 0 0 0 0 0 0 0 0 0 1.00007 0 0 0 0 0
0.738281 0.127348 0 0.227015 0.127348 0 0.227015 0 0 0 0 0 0 0 0 0 0 0 0 0 0 0 1.00007 0 0 0 0 0
0.748125 0.127348 0 0.229638 0.127348 0 0.229638 0 0 0 0 0 0 0 0 0 0 0 0 0 0 0 1.00007 0 0 0 0 0
0.757969 0.127348 0 0.232324 0.127348 0 0.232324 0 0 0 0 0 0 0 0 0 0 0 0 0 0 0 1.00007 0 0 0 0 0
0.767813 0.127348 0 0.235077 0.127348 0 0.235077 0 0 0 0 0 0 0 0 0 0 0 0 0 0 0 1.00007 0 0 0 0 0
0.777656 0.127348 0 0.237901 0.127348 0 0.237901 0 0 0 0 0 0 0 0 0 0 0 0 0 0 0 1.00007 0 0 0 0 0
0.7875 0.127348 0 0.240798 0.127348 0 0.240798 0 0 0 0 0 0 0 0 0 0 0 0 0 0 0 1.00007 0 0 0 0 0
0.797344 0.127348 0 0.243771 0.127348 0 0.243771 0 0 0 0 0 0 0 0 0 0 0 0 0 0 0 1.00007 0 0 0 0 0
0.807188 0.127348 0 0.246826 0.127348 0 0.246826 0 0 0 0 0 0 0 0 0 0 0 0 0 0 0 1.00007 0 0 0 0 0
0.812109 0.127348 0 0.248385 0.127348 0 0.248385 0 0 0 0 0 0 0 0 0 0 0 0 0 0 0 1.00007 0 0 0 0 0
0.821953 0.127348 0 0.251568 0.127348 0 0.251568 0 0 0 0 0 0 0 0 0 0 0 0 0 0 0 1.00007 0 0 0 0 0
0.831797 0.127348 0 0.254842 0.127348 0 0.254842 0 0 0 0 0 0 0 0 0 0 0 0 0 0 0 1.00007 0 0 0 0 0
0.841641 0.127348 0 0.25821 0.127348 0 0.25821 0 0 0 0 0 0 0 0 0 0 0 0 0 0 0 1.00007 0 0 0 0 0
0.851484 0.127348 0 0.261678 0.127348 0 0.261678 0 0 0 0 0 0 0 0 0 0 0 0 0 0 0 1.00007 0 0 0 0 0
0.861328 0.127348 0 0.265251 0.127348 0 0.265251 0 0 0 0 0 0 0 0 0 0 0 0 0 0 0 1.00007 0 0 0 0 0
0.871172 0.127348 0 0.268934 0.127348 0 0.268934 0 0 0 0 0 0 0 0 0 0 0 0 0 0 0 1.00007 0 0 0 0 0
0.881016 0.127348 0 0.272733 0.127348 0 0.272733 0 0 0 0 0 0 0 0 0 0 0 0 0 0 0 1.00007 0 0 0 0 0
0.890859 0.127348 0 0.276654 0.127348 0 0.276654 0 0 0 0 0 0 0 0 0 0 0 0 0 0 0 1.00007 0 0 0 0 0
0.900703 0.127348 0 0.280703 0.127348 0 0.280703 0 0 0 0 0 0 0 0 0 0 0 0 0 0 0 1.00007 0 0 0 0 0
0.910547 0.127348 0 0.284886 0.127348 0 0.284886 0 0 0 0 0 0 0 0 0 0 0 0 0 0 0 1.00007 0 0 0 0 0
0.920391 0.127348 0 0.289211 0.127348 0 0.289211 0 0 0 0 0 0 0 0 0 0 0 0 0 0 0 1.00007 0 0 0 0 0
0.930234 0.127348 0 0.293682 0.127348 0 0.293682 0 0 0 0 0 0 0 0 0 0 0 0 0 0 0 1.00007 0 0 0 0 0
0.940078 0.127348 0 0.298308 0.127348 0 0.298308 0 0 0 0 0 0 0 0 0 0 0 0 0 0 0 1.00007 0 0 0 0 0
0.954844 0.127348 0 0.305552 0.127348 0 0.305552 0 0 0 0 0 0 0 0 0 0 0 0 0 0 0 1.00007 0 0 0 0 0
0.964688 0.127348 0 0.310591 0.127348 0 0.310591 0 0 0 0 0 0 0 0 0 0 0 0 0 0 0 1.00007 0 0 0 0 0
0.974531 0.127348 0 0.315806 0.127348 0 0.315806 0 0 0 0 0 0 0 0 0 0 0 0 0 0 0 1.00007 0 0 0 0 0
0.984375 0.127348 0 0.321199 0.127348 0 0.321199 0 0 0 0 0 0 0 0 0 0 0 0 0 0 0 1.00007 0 0 0 0 0
0.994219 0.127348 0 0.326769 0.127348 0 0.326769 0 0 0 0 0 0 0 0 0 0 0 0 0 0 0 1.00007 0 0 0 0 0
1.00406 0.127348 0 0.332516 0.127348 0 0.332516 0 0 0 0 0 0 0 0 0 0 0 0 0 0 0 1.00007 0 0 0 0 0
1.01391 0.127348 0 0.338429 0.127348 0 0.338429 0 0 0 0 0 0 0 0 0 0 0 0 0 0 0 1.00007 0 0 0 0 0
1.02375 0.127348 0 0.34449 0.127348 0 0.34449 0 0 0 0 0 0 0 0 0 0 0 0 0 0 0 1.00007 0 0 0 0 0
1.03359 0.127348 0 0.350667 0.127348 0 0.350667 0 0 0 0 0 0 0 0 0 0 0 0 0 0 0 1.00007 0 0 0 0 0
1.04098 0.127348 0 0.355352 0.127348 0 0.355352 0 0 0 0 0 0 0 0 0 0 0 0 0 0 0 1.00007 0 0 0 0 0
1.05082 0.127348 0 0.361595 0.127348 0 0.361595 0 0 0 0 0 0 0 0 0 0 0 0 0 0 0 1.00007 0 0 0 0 0
1.06066 0.127348 0 0.367762 0.127348 0 0.367762 0 0 0 0 0 0 0 0 0 0 0 0 0 0 0 1.00007 0 0 0 0 0
1.07051 0.127348 0 0.37375 0.127348 0 0.37375 0 0 0 0 0 0 0 0 0 0 0 0 0 0 0 1.00007 0 0 0 0 0
1.08035 0.127348 0 0.379473 0.127348 0 0.379473 0 0 0 0 0 0 0 0 0 0 0 0 0 0 0 1.00007 0 0 0 0 0
1.0902 0.127348 0 0.384889 0.127348 0 0.384889 0 0 0 0 0 0 0 0 0 0 0 0 0 0 0 1.00007 0 0 0 0 0
1.10004 0.127348 0 0.390016 0.127348 0 0.390016 0 0 0 0 0 0 0 0 0 0 0 0 0 0 0 1.00007 0 0 0 0 0
1.11111 0.127348 0 0.395562 0.127348 0 0.395562 0 0 0 0 0 0 0 0 0 0 0 0 0 0 0 1.00007 0 0 0 0 0
1.12096 0.127348 0 0.400487 0.127348 0 0.400487 0 0 0 0 0 0 0 0 0 0 0 0 0 0 0 1.00007 0 0 0 0 0
1.13019 0.127348 0 0.405388 0.127348 0 0.405388 0 0 0 0 0 0 0 0 0 0 0 0 0 0 0 1.00007 0 0 0 0 0
1.14003 0.127348 0 0.411264 0.127348 0 0.411264 0 0 0 0 0 0 0 0 0 0 0 0 0 0 0 1.00007 0 0 0 0 0
1.15049 0.127348 0 0.41864 0.127348 0 0.41864 0 0 0 0 0 0 0 0 0 0 0 0 0 0 0 1.00007 0 0 0 0 0
1.16033 0.127348 0 0.427056 0.127348 0 0.427056 0 0 0 0 0 0 0 0 0 0 0 0 0 0 0 1.00007 0 0 0 0 0
1.17018 0.127348 0 0.437202 0.127348 0 0.437202 0 0 0 0 0 0 0 0 0 0 0 0 0 0 0 1.00007 0 0 0 0 0
1.18002 0.127348 0 0.44931 0.127348 0 0.44931 0 0 0 0 0 0 0 0 0 0 0 0 0 0 0 1.00007 0 0 0 0 0
1.19048 0.127348 0 0.4642 0.127348 0 0.4642 0 0 0 0 0 0 0 0 0 0 0 0 0 0 0 1.00007 0 0 0 0 0
1.20032 0.127348 0 0.480356 0.127348 0 0.480356 0 0 0 0 0 0 0 0 0 0 0 0 0 0 0 1.00007 0 0 0 0 0
1.21017 0.127348 0 0.499232 0.127348 0 0.499232 0 0 0 0 0 0 0 0 0 0 0 0 0 0 0 1.00007 0 0 0 0 0
1.22001 0.127348 0 0.521322 0.127348 0 0.521322 0 0 0 0 0 0 0 0 0 0 0 0 0 0 0 1.00007 0 0 0 0 0
1.23016 0.127348 0 0.548169 0.127348 0 0.548169 0 0 0 0 0 0 0 0 0 0 0 0 0 0 0 1.00007 0 0 0 0 0
1.24 0.127348 0 0.579744 0.127348 0 0.579744 0 0 0 0 0 0 0 0 0 0 0 0 0 0 0 1.00007 0 0 0 0 0
1.25016 0.127348 0 0.62108 0.127348 0 0.62108 0 0 0 0 0 0 0 0 0 0 0 0 0 0 0 1.00007 0 0 0 0 0
